1403636580.113555 0.0000000 0.0000000 0.0000000 0.0000000 0.0000000 0.0000000 1.0000000
1403636580.413555 -0.0007924 0.0232788 0.0063078 -0.0235733 -0.0016791 -0.0038215 0.9997134
1403636580.463556 -0.0009554 0.0255782 0.0066900 -0.0325066 -0.0021111 -0.0042823 0.9994601
1403636582.163556 0.0002012 0.0181658 0.0044118 -0.0299289 0.0152937 -0.0115610 0.9993681
1403636586.563555 0.0022746 -0.0078532 -0.0176186 -0.1786967 0.0376599 0.0115376 0.9831155
1403636587.663556 0.0309713 -0.0133652 -0.0102886 -0.1731379 0.0291447 0.0143164 0.9843622
1403636587.963556 0.0521393 -0.0150236 -0.0076572 -0.1670550 0.0498141 0.0260691 0.9843432
1403636589.763556 -0.0271966 -0.0097817 -0.0185116 -0.1690908 0.0088117 0.0076262 0.9855316
1403636589.963556 -0.0415984 -0.0073068 -0.0196435 -0.1794022 -0.0080218 0.0051113 0.9837298
1403636590.113555 -0.0485850 -0.0065664 -0.0203305 -0.1731010 -0.0190922 0.0042567 0.9847098
1403636591.013556 -0.0021889 -0.0093238 -0.0207310 -0.1750569 0.0113781 0.0066897 0.9844698
1403636591.213556 0.0147382 -0.0099973 -0.0187079 -0.1744981 0.0101272 0.0112190 0.9845415
1403636591.413555 0.0274324 -0.0091476 -0.0163094 -0.1784743 0.0175175 0.0149603 0.9836749
1403636591.813555 0.0381685 -0.0073210 -0.0086354 -0.1272044 0.0597520 0.0167139 0.9899340
1403636593.813555 -0.0216647 0.0036518 -0.0220905 -0.1740740 -0.0557711 0.0164145 0.9830149
1403636594.063555 0.0014499 0.0069294 -0.0312816 -0.1532304 0.0427927 0.0540767 0.9857814
1403636594.263556 0.0234835 0.0057190 -0.0287049 -0.1516254 0.1033062 0.0733724 0.9802827
1403636594.763556 0.0560117 -0.0086190 0.0097195 -0.1212273 0.1227388 0.0626319 0.9830139
1403636596.163556 0.0280202 0.0138066 -0.0231386 -0.1511694 0.0508160 0.0173679 0.9870481
1403636596.513556 0.0107066 0.0169624 -0.0478100 -0.1373316 0.0601588 0.0234666 0.9884180
1403636596.713556 -0.0008279 0.0181708 -0.0571095 -0.1378312 0.0572640 0.0166870 0.9886581
1403636598.413555 -0.0025369 0.0120094 -0.0131762 -0.1659631 -0.0621325 -0.0616134 0.9822421
1403636598.913555 0.0065845 0.0173683 0.0159921 -0.0872885 -0.0951717 -0.0557413 0.9900586
1403636599.163556 0.0088112 0.0221760 0.0288084 -0.0398053 -0.1071436 -0.0474075 0.9923146
1403636601.163556 0.0110775 0.0277884 0.0408907 0.0423013 -0.0909208 -0.0223480 0.9947083
1403636624.563555 0.0138693 0.0283083 0.0394816 0.0178904 -0.0783277 -0.0233345 0.9964939
1403636624.763556 0.0181059 0.0293043 0.0373174 0.0224460 -0.0727064 -0.0340192 0.9965203
1403636624.913555 0.0228122 0.0298912 0.0340509 0.0099295 -0.0654401 -0.0567032 0.9961947
1403636625.063555 0.0268849 0.0273361 0.0287996 -0.0079999 -0.0602414 -0.0730909 0.9954721
1403636625.613555 0.0286217 0.0170560 0.0219642 -0.0129298 -0.0711542 -0.0603634 0.9955532
1403636627.163556 0.0315759 -0.0300481 0.0223035 0.0052456 -0.0855920 -0.0590211 0.9945667
1403636627.563555 0.0382496 -0.0414528 0.0133927 0.0156992 -0.0828365 -0.0502839 0.9951699
1403636628.913555 0.0762600 -0.0642644 0.0221047 0.0033943 -0.0150813 -0.0261100 0.9995396
1403636629.163556 0.0895566 -0.0708352 0.0254823 -0.0050880 0.0016305 -0.0243230 0.9996899
1403636629.913555 0.1381348 -0.0737796 0.0558172 -0.0145228 0.1078029 0.0243159 0.9937688
1403636630.663556 0.2012576 -0.0999938 0.1040555 0.0049201 0.1505794 0.0225037 0.9883295
1403636630.963556 0.2239618 -0.1137883 0.1237863 0.0040040 0.1405203 0.0267803 0.9897074
1403636632.813555 0.3235340 -0.1388438 0.2701842 -0.0090202 0.0901224 0.0244328 0.9955901
1403636634.313555 0.3820716 -0.1885646 0.4333493 -0.0030380 0.0286044 -0.0056303 0.9995704
1403636635.063555 0.4230023 -0.2292917 0.5291131 0.0046327 -0.0016831 -0.0350221 0.9993744
1403636635.313555 0.4324139 -0.2409679 0.5599698 -0.0016439 -0.0102539 -0.0335032 0.9993846
1403636635.563555 0.4413357 -0.2528618 0.5925065 -0.0051873 -0.0154023 -0.0230616 0.9996020
1403636636.313555 0.4825799 -0.3296586 0.6859747 0.0091642 -0.0073244 -0.0304113 0.9994686
1403636636.563555 0.4984342 -0.3590219 0.7164622 0.0352502 -0.0043412 -0.0398954 0.9985725
1403636636.813555 0.5121926 -0.3757258 0.7439460 0.0346705 0.0034795 -0.0619005 0.9974739
1403636637.413555 0.5226004 -0.3850620 0.7986867 0.0042252 -0.0131080 -0.0369912 0.9992207
1403636637.713556 0.5233987 -0.3994607 0.8211730 -0.0000384 -0.0170552 -0.0361437 0.9992011
1403636638.063555 0.5227987 -0.4264633 0.8459823 0.0130345 -0.0198146 -0.0368721 0.9990385
1403636638.863556 0.5289601 -0.4405467 0.9237760 -0.0072343 -0.0245447 -0.0318300 0.9991657
1403636639.163556 0.5359814 -0.4618483 0.9585893 -0.0010651 -0.0344500 -0.0074597 0.9993780
1403636639.463556 0.5513883 -0.4670916 1.0012435 -0.0021429 -0.0276322 -0.0259180 0.9992798
1403636640.563555 0.6065410 -0.5015911 1.1342832 0.0182385 -0.0580925 -0.0537222 0.9966978
1403636641.463556 0.6361779 -0.5161427 1.2075696 0.0152783 -0.0641311 -0.0421558 0.9969336
1403636641.963556 0.6508128 -0.5254591 1.2361634 0.0183253 -0.0550003 -0.0490285 0.9971135
1403636643.163556 0.6825492 -0.5409508 1.2743239 0.0081170 -0.0030214 -0.0231733 0.9996939
1403636643.563555 0.6952757 -0.5458553 1.2883677 -0.0040614 -0.0060859 -0.0234951 0.9996972
1403636644.463556 0.7271441 -0.5831503 1.3548604 0.0130845 -0.0160001 -0.0042435 0.9997774
1403636644.763556 0.7470737 -0.5795358 1.3918961 0.0234868 -0.0122165 -0.0139509 0.9995521
1403636645.363556 0.7938111 -0.5696257 1.4593320 -0.0332295 -0.0004669 -0.0271856 0.9990779
1403636646.063555 0.8414477 -0.6077228 1.5702915 -0.0024588 0.0063206 -0.0156855 0.9998540
1403636646.313555 0.8603961 -0.6333442 1.6123307 0.0156895 0.0523434 0.0171778 0.9983581
1403636646.563555 0.8846355 -0.6521705 1.6523012 0.0362101 0.1148633 0.0297955 0.9922739
1403636646.863556 0.9134656 -0.6797908 1.6891320 0.0309426 0.1479213 0.0322898 0.9879875
1403636647.513556 0.9722322 -0.7249443 1.7473514 0.0248503 0.1440313 0.0371708 0.9885625
1403636647.813555 1.0011476 -0.7368211 1.7673280 0.0314655 0.1454049 0.0386934 0.9881145
1403636649.113555 1.1399299 -0.7299794 1.7959443 0.0031018 0.3413357 0.1074676 0.9337725
1403636650.063555 1.2202063 -0.7912645 1.7686427 0.0352272 0.3582446 0.1020243 0.9273677
1403636650.413555 1.2417021 -0.7886640 1.7577584 0.0304083 0.4187240 0.1268409 0.8986973
1403636651.513556 1.2772000 -0.7706116 1.6942875 0.0183704 0.4805149 0.1521242 0.8634965
1403636651.913555 1.2767982 -0.7611530 1.6694806 0.0432986 0.4858913 0.1622748 0.8577306
1403636652.613555 1.2699224 -0.7058485 1.6081475 0.0016861 0.6303750 0.2354864 0.7397099
1403636652.813555 1.2712377 -0.6978145 1.5871525 -0.0082717 0.6407375 0.2424643 0.7284217
1403636653.463556 1.2960483 -0.6783629 1.5256257 0.0171744 0.6406686 0.2068835 0.7392212
1403636653.813555 1.3058167 -0.6787536 1.4963353 0.0243896 0.6352107 0.1983175 0.7460447
1403636654.263556 1.3081162 -0.6617315 1.4661784 0.0281011 0.6418667 0.2077384 0.7376057
1403636654.613555 1.3015333 -0.6575978 1.4380243 0.0163478 0.6840584 0.2285683 0.6924979
1403636656.013556 1.2327807 -0.6004266 1.3557018 0.0241737 0.7666658 0.2863987 0.5741210
1403636656.163556 1.2217283 -0.5895640 1.3451959 0.0214327 0.7784205 0.2889922 0.5568534
1403636656.313555 1.2109263 -0.5830903 1.3331046 0.0146582 0.7840022 0.2913287 0.5479537
1403636656.813555 1.1818233 -0.5768592 1.2802664 0.0252580 0.7903330 0.2674189 0.5506568
1403636656.963556 1.1736028 -0.5707832 1.2661691 0.0282216 0.7911785 0.2582513 0.5536662
1403636657.363556 1.1415588 -0.5504202 1.2348253 0.0365534 0.7836109 0.2701855 0.5582272
1403636657.763556 1.1004440 -0.5273072 1.2014602 0.0298973 0.7783042 0.2898130 0.5561988
1403636657.963556 1.0794199 -0.5113736 1.1829520 0.0352102 0.7772368 0.3033167 0.5501474
1403636658.313555 1.0438128 -0.4888704 1.1365324 0.0109750 0.7860405 0.2915288 0.5450054
1403636659.113555 0.9923626 -0.4240588 1.0444993 0.0106608 0.7987059 0.2635364 0.5408363
1403636659.263556 0.9850671 -0.4097964 1.0332533 0.0155692 0.7988600 0.2616838 0.5413888
1403636659.413555 0.9762836 -0.3984361 1.0243454 0.0086676 0.7960408 0.2696783 0.5417726
1403636659.613555 0.9651006 -0.3873118 1.0120783 0.0039860 0.7951858 0.2731459 0.5413455
1403636659.963556 0.9480920 -0.3641862 0.9977351 0.0030353 0.7981503 0.2733114 0.5368871
1403636660.113555 0.9408351 -0.3518876 0.9955323 -0.0046361 0.7956651 0.2836215 0.5352142
1403636660.263556 0.9354806 -0.3384293 0.9943779 -0.0092013 0.7940831 0.2894232 0.5343984
1403636660.513556 0.9319966 -0.3217387 0.9913934 -0.0229949 0.7880399 0.3054279 0.5340207
1403636661.363556 0.9613948 -0.2629383 1.0109680 0.0099573 0.8030106 0.2612282 0.5355695
1403636661.563555 0.9666131 -0.2567836 1.0230067 0.0111161 0.8013062 0.2647153 0.5363866
1403636662.313555 0.9644530 -0.2757429 1.0611843 0.0117281 0.8002869 0.2637270 0.5383784
1403636662.813555 0.9532375 -0.2802958 1.0954269 0.0270849 0.7916194 0.2954728 0.5341356
1403636663.063555 0.9487550 -0.2741674 1.1105081 0.0252075 0.7860869 0.3119073 0.5330532
1403636663.613555 0.9508115 -0.2535353 1.1211698 -0.0304389 0.7896813 0.3049048 0.5315167
1403636663.813555 0.9622256 -0.2423549 1.1247265 -0.0424820 0.7932453 0.2915386 0.5328812
1403636664.463556 1.0414981 -0.2430785 1.1574166 -0.0006203 0.7967100 0.2533692 0.5486866
1403636664.713556 1.0740972 -0.2402392 1.1858135 0.0176081 0.7887876 0.2584035 0.5574332
1403636665.013556 1.1068811 -0.2475932 1.2183596 0.0071609 0.7807918 0.2645843 0.5659576
1403636666.913555 1.2704911 -0.3597322 1.4062321 0.0084301 0.7672318 0.2955206 0.5691676
1403636667.763556 1.3240062 -0.3750874 1.4668928 0.0102825 0.7674217 0.2858990 0.5737769
1403636668.213556 1.3555760 -0.3836299 1.4923104 0.0036282 0.7734126 0.2813850 0.5680160
1403636668.913555 1.4179293 -0.3710550 1.5403525 -0.0149691 0.7919132 0.2530644 0.5555249
1403636669.213556 1.4484206 -0.3805333 1.5679772 0.0109783 0.7915498 0.2574077 0.5541387
1403636669.513556 1.4742663 -0.3882107 1.6022949 0.0160668 0.7932466 0.2533118 0.5534752
1403636669.963556 1.4960597 -0.4030325 1.6636106 0.0652963 0.7819455 0.2709885 0.5575508
1403636670.363556 1.4865215 -0.4260437 1.7006609 0.1056726 0.7597947 0.2915960 0.5714167
1403636671.513556 1.2911085 -0.4155900 1.5298223 0.0166169 0.5920512 0.2117952 0.7773944
1403636672.413555 1.1737607 -0.3852893 1.2964225 -0.0742586 0.5814671 0.1804812 0.7898153
1403636673.063555 1.1702904 -0.3554997 1.2460108 -0.0122614 0.5542795 0.1747349 0.8136901
1403636675.763556 1.3387754 -0.3808992 1.4551979 0.0060483 0.4452378 0.1077355 0.8888868
1403636677.263556 1.4325709 -0.4202650 1.6944864 0.0099800 0.2352935 0.0455227 0.9708064
1403636678.263556 1.4417664 -0.4619902 1.8082274 0.0117177 0.0572682 -0.0013241 0.9982892
1403636679.813555 1.4256127 -0.5081848 1.8805258 0.0176088 -0.2488817 -0.1160513 0.9613948
1403636680.113555 1.4203520 -0.5295808 1.8750801 0.0388050 -0.2422271 -0.1479031 0.9580944
1403636680.413555 1.4104425 -0.5427673 1.8591561 0.0414340 -0.2296251 -0.1629900 0.9586396
1403636680.763556 1.3862307 -0.5380623 1.8285701 0.0256346 -0.2259042 -0.1481617 0.9624751
1403636681.463556 1.3144987 -0.5050868 1.7646332 0.0156259 -0.2341715 -0.1203020 0.9645968
1403636682.163556 1.2385615 -0.4843904 1.6993920 0.0200659 -0.2453673 -0.1199330 0.9617735
1403636682.963556 1.1541895 -0.4578791 1.6160209 0.0264116 -0.2342176 -0.1222260 0.9641086
1403636684.063555 1.0461986 -0.3937527 1.4843838 0.0076999 -0.2496957 -0.1173664 0.9611545
1403636684.413555 1.0138459 -0.3883752 1.4396541 0.0182803 -0.2563933 -0.1171919 0.9592676
1403636688.413555 0.8014290 -0.1619680 1.0145483 0.0141164 -0.2542381 -0.1184248 0.9597600
1403636689.063555 0.7758368 -0.1074873 0.9649256 0.0062037 -0.2676666 -0.1335862 0.9541860
1403636689.313555 0.7606298 -0.0980143 0.9416255 -0.0038209 -0.2831298 -0.1325200 0.9498744
1403636689.613555 0.7410928 -0.0993700 0.9144343 -0.0086054 -0.2911692 -0.1327290 0.9473803
1403636689.863556 0.7225853 -0.1042856 0.8971865 -0.0275708 -0.2946445 -0.1175197 0.9479523
1403636690.213556 0.7016798 -0.1095949 0.8909571 -0.0222505 -0.2880504 -0.1224336 0.9494956
1403636690.463556 0.6873978 -0.1199000 0.8941810 -0.0172736 -0.2842872 -0.1277828 0.9500284
1403636690.813555 0.6678498 -0.1322714 0.9106682 -0.0157490 -0.3009948 -0.0800894 0.9501262
1403636691.063555 0.6638750 -0.1333352 0.9343131 0.0190512 -0.3112185 -0.0534394 0.9486434
1403636691.263556 0.6740637 -0.1402897 0.9536792 0.0484648 -0.3061364 -0.0747241 0.9478122
1403636692.213556 0.7932307 -0.2024897 0.9908144 0.0230555 -0.2953596 -0.1328162 0.9458283
1403636693.113555 0.8972018 -0.2844136 0.9796357 0.0083831 -0.2788940 -0.1579011 0.9472144
1403636693.613555 0.9220265 -0.3050076 0.9739354 -0.0358779 -0.2872075 -0.1451835 0.9461218
1403636694.363556 0.9247051 -0.3274984 1.0067587 0.0129211 -0.2968935 -0.1324912 0.9455863
1403636694.913555 0.9256550 -0.3379609 1.0306280 0.0058368 -0.2970075 -0.1223876 0.9469814
1403636695.563555 0.9339314 -0.3495185 1.0621259 0.0129743 -0.2828199 -0.1339333 0.9496875
1403636696.613555 0.9379216 -0.3458676 1.0993638 0.0242218 -0.2767740 -0.1254318 0.9524056
1403636699.963556 0.7911217 -0.2811016 0.9796721 0.0117753 0.2135631 0.0754386 0.9739411
1403636701.113555 0.8237419 -0.2089740 0.9598890 0.0004700 0.2853533 0.0939450 0.9538069
1403636702.213556 0.8852623 -0.2010440 0.9374474 0.0153276 0.3421428 0.1123449 0.9327819
1403636703.163556 0.9490338 -0.1383627 0.9606641 0.0065577 0.3810961 0.1277969 0.9156368
1403636704.013556 1.0151868 -0.1370370 0.9772143 0.0194832 0.3744730 0.1239309 0.9187118
1403636704.813555 1.0821321 -0.1305790 0.9946003 -0.0225768 0.3682781 0.1194895 0.9217287
1403636705.463556 1.1560365 -0.1345048 1.0511376 -0.0037851 0.3680329 0.1052817 0.9238253
1403636706.113555 1.2334064 -0.1528840 1.1342814 0.0264763 0.3557778 0.1321738 0.9247980
1403636706.913555 1.3270230 -0.1735209 1.2265953 -0.0090397 0.3650480 0.1043917 0.9250733
1403636707.913555 1.4243401 -0.2651652 1.3611276 0.0006990 0.3708495 0.1270912 0.9199554
1403636708.613555 1.5037971 -0.2837971 1.4795940 0.0308487 0.3588769 0.1304871 0.9237038
1403636709.913555 1.5974555 -0.3233295 1.6352495 0.0056438 0.3857616 0.0965956 0.9175104
1403636711.113555 1.5891340 -0.3436153 1.7976766 0.0160300 0.2742882 0.0558176 0.9598924
1403636712.363556 1.5020967 -0.3946776 1.8668983 0.0330675 0.2499828 0.0561128 0.9660572
1403636712.913555 1.4375372 -0.4230229 1.8494219 0.0421426 0.2046341 0.0375332 0.9772104
1403636713.463556 1.3627024 -0.4359455 1.8095834 0.0287241 0.1986810 0.0457852 0.9785727
1403636714.863556 1.2229748 -0.4210555 1.6681687 -0.0049846 0.1545706 0.0365618 0.9872924
1403636717.113555 1.1567475 -0.3912044 1.5123776 0.0153957 0.0153565 -0.0204459 0.9995545
1403636718.063555 1.1196576 -0.3570563 1.4229381 0.0144462 -0.0504177 -0.0737771 0.9958947
1403636718.913555 1.0438404 -0.3017920 1.3504834 0.0060431 -0.1694696 -0.0819497 0.9821038
1403636719.513556 1.0024673 -0.2725096 1.3052906 0.0298913 -0.1705667 -0.0819526 0.9814771
1403636720.063555 0.9756951 -0.2443761 1.2578856 0.0093357 -0.1574588 -0.0765598 0.9845091
1403636721.263556 0.9520912 -0.1982501 1.1813576 0.0175900 -0.0984885 -0.0471428 0.9938653
1403636722.313555 0.9642460 -0.1717716 1.1205177 0.0161049 -0.0459741 -0.0445796 0.9978175
1403636724.213556 0.9457906 -0.1246168 0.9855319 -0.0007753 0.0442908 -0.0074132 0.9989909
1403636728.263556 0.8826522 -0.1977988 0.7542826 0.0227555 0.0921668 -0.0017749 0.9954820
1403636729.413555 0.8224757 -0.1784046 0.6704394 0.0241249 0.0251821 -0.0243675 0.9990946
1403636730.613555 0.7512866 -0.1415769 0.5655645 -0.0079725 0.0202275 -0.0193050 0.9995772
1403636731.813555 0.7109399 -0.1357392 0.5260614 0.0147014 0.0194650 -0.0058973 0.9996850
1403636732.963556 0.7077675 -0.0971222 0.4888540 0.0366881 0.0210623 -0.0303438 0.9986439
1403636734.113555 0.6466584 -0.0844102 0.3776209 0.0178077 0.0171372 -0.0299687 0.9992452
1403636735.163556 0.5797570 -0.0627391 0.2878998 0.0042169 0.0058657 -0.0229285 0.9997110
1403636737.363556 0.4656321 -0.0714580 0.1943417 0.0132237 -0.0467032 -0.0430698 0.9978923
1403636737.963556 0.4304468 -0.0755624 0.1683159 -0.0008252 -0.0566655 -0.0282503 0.9979931
1403636739.313555 0.4279950 -0.0855142 0.1683267 0.0148104 0.1378307 0.0393254 0.9895640
1403636739.963556 0.4570336 -0.0711055 0.1787901 0.0156597 0.2357488 0.0711141 0.9690821
1403636741.513556 0.5071491 0.0258587 0.1990588 0.0071210 0.2429448 0.0751139 0.9671013
1403636742.313555 0.5214654 0.0679872 0.2103270 -0.0042972 0.2341552 0.0648031 0.9700275
1403636743.213556 0.5402499 0.0911618 0.2370542 -0.0122857 0.2351054 0.0775876 0.9687904
1403636743.863556 0.5734009 0.1056682 0.2795868 0.0106520 0.2552729 0.0751434 0.9638858
1403636744.663556 0.6174388 0.1694049 0.3596546 0.0366342 0.2784525 0.1040498 0.9540942
1403636745.413555 0.6569748 0.2367023 0.4027737 0.0181541 0.2687515 0.0771915 0.9599398
1403636746.263556 0.6817070 0.2238714 0.4163641 0.0257647 0.3118850 0.0647418 0.9475613
1403636747.863556 0.6381788 0.1629516 0.4454606 0.0111753 0.3038165 0.0866047 0.9487203
1403636748.963556 0.6302330 0.0931130 0.4744967 0.0270110 0.3084015 0.1127852 0.9441602
1403636749.913555 0.6499075 0.0500553 0.4710329 0.0370917 0.3233854 0.0828753 0.9419011
1403636752.763556 0.5872861 -0.1321086 0.3688753 0.0160222 0.1812699 0.0404501 0.9824705
1403636753.913555 0.5598194 -0.1388855 0.3618087 0.0186231 0.0053382 -0.0327834 0.9992747
1403636756.013556 0.3822293 -0.1149299 0.2475078 0.0152743 -0.0597493 -0.0567473 0.9964821
1403636756.763556 0.2960579 -0.0988875 0.1933976 0.0244315 -0.0650650 -0.0576398 0.9959153
1403636757.563555 0.2052815 -0.0739790 0.1172852 0.0116412 -0.0710964 -0.0671231 0.9951403
1403636758.263556 0.1170357 -0.0735925 0.0563344 0.0182686 -0.1073507 -0.0656588 0.9918826
1403636758.813555 0.0542639 -0.0601690 0.0307647 -0.0081767 -0.1126290 -0.0437023 0.9926419
1403636759.363556 0.0158149 -0.0417472 0.0289584 0.0155952 -0.1222826 -0.0208136 0.9921545
1403636762.013556 -0.0165440 0.0216744 0.0134143 0.0156474 -0.1112687 -0.0578302 0.9919829
1403636763.763556 -0.0278502 0.0361912 0.0216950 0.0272293 -0.0741949 -0.0122368 0.9967968
