1403636579763555584.000000 0.000000000 0.000000000 0.000000000 0.000000000 0.000000000 0.000000000 1.000000000
1403636579863555584.000000 -0.000005281 0.047229525 0.020038506 0.001767937 -0.005041269 0.002333829 0.999983013
1403636579913555456.000000 -0.000618754 0.077799015 0.031323478 0.007421479 -0.006027745 0.003095044 0.999949515
1403636580013555456.000000 -0.002469244 0.146234050 0.052492462 0.019802956 -0.005930322 0.001527725 0.999785125
1403636580163555584.000000 -0.005224142 0.251559973 0.082701720 0.029841499 -0.005390219 -0.002619353 0.999536693
1403636580363555584.000000 -0.009185292 0.367196739 0.108547300 0.046088479 -0.004054423 0.001760166 0.998927593
1403636580563555584.000000 -0.013269685 0.414204866 0.111699536 0.078410670 -0.002089710 0.002548447 0.996915698
1403636580813555456.000000 -0.017936405 0.246283025 0.071825400 0.061094943 -0.007544372 0.010190859 0.998051405
1403636582263555584.000000 -0.007016665 0.362794638 0.099966466 0.069156542 -0.018193165 0.011353092 0.997375309
1403636584763555584.000000 0.002734697 -0.150554553 -0.007418849 -0.001151756 -0.043853767 0.018429855 0.998867273
1403636585213555456.000000 -0.000194541 -0.202211961 -0.022201102 -0.013900767 -0.055900376 0.007510156 0.998311341
1403636586613555456.000000 0.015845990 0.150988162 -0.060987189 0.208381787 -0.042018112 -0.012941373 0.977058887
1403636586863555584.000000 0.045838367 0.138171464 -0.060582668 0.194853485 -0.036215931 -0.014181648 0.980060935
1403636587913555456.000000 0.351206094 0.105389178 0.014424525 0.188099355 -0.056487598 -0.027121570 0.980149090
1403636588113555456.000000 0.437660784 0.113885581 0.022206590 0.205222487 -0.071905732 -0.031259499 0.975569665
1403636588363555584.000000 0.485810935 0.123766378 0.027063712 0.203182861 -0.069088779 -0.032630827 0.976155043
1403636588913555456.000000 0.341659784 0.125757515 0.000791512 0.204962656 -0.056565169 -0.030987931 0.976642430
1403636589213555456.000000 0.161028981 0.118882172 -0.026128080 0.193695188 -0.037732903 -0.023127679 0.980063021
1403636589713555456.000000 -0.171923563 0.134032711 -0.057824928 0.194391698 -0.015509383 -0.009899566 0.980751395
1403636589963555584.000000 -0.309906691 0.154227033 -0.069602624 0.205713615 0.006382716 -0.008075668 0.978558123
1403636590163555584.000000 -0.372643828 0.158381999 -0.077363171 0.196239740 0.020348219 -0.007205129 0.980318308
1403636590763555584.000000 -0.184271023 0.140728086 -0.091398112 0.191579461 -0.009000105 -0.002799683 0.981431842
1403636591013555456.000000 -0.021571290 0.140597641 -0.078518584 0.200903237 -0.016734516 -0.009186785 0.979425073
1403636591263555584.000000 0.129942402 0.138103873 -0.060130421 0.200974420 -0.018331978 -0.014371020 0.979319513
1403636591513555456.000000 0.225115016 0.152206689 -0.035306290 0.203447819 -0.030115720 -0.018841581 0.978441119
1403636591763555584.000000 0.269852638 0.162003085 0.001967736 0.164435148 -0.063314952 -0.018796960 0.984174252
1403636592013555456.000000 0.294713944 0.151204884 0.032815754 0.142213792 -0.087705359 -0.026728773 0.985580325
1403636593613555456.000000 -0.229623809 0.184551582 0.013799779 0.187388763 0.099156164 0.002860313 0.977264225
1403636593913555456.000000 -0.110166170 0.247539818 -0.130914479 0.194818258 0.011089511 -0.036779206 0.980086803
1403636594213555456.000000 0.124384105 0.248863727 -0.160236359 0.178034708 -0.099778414 -0.070885174 0.976382732
1403636594513555456.000000 0.351212740 0.209088832 -0.019565746 0.166509196 -0.146009207 -0.064243734 0.973051250
1403636594813555456.000000 0.390041679 0.153082609 0.174871907 0.145005494 -0.125740618 -0.059078716 0.979628682
1403636595813555456.000000 -0.011520434 0.250988483 0.021809101 0.169484362 0.044210445 0.010079158 0.984489143
1403636596163555584.000000 0.199329540 0.309043318 -0.107922979 0.179122746 -0.058450103 -0.018589845 0.981912971
1403636596463555584.000000 0.095702015 0.319494933 -0.265015662 0.168590754 -0.069013238 -0.027082993 0.982894123
1403636596763555584.000000 -0.026064975 0.326200724 -0.363590807 0.166271403 -0.061838705 -0.014475554 0.984032631
1403636597213555456.000000 0.042898074 0.263875127 -0.103179611 0.179156452 -0.050512426 0.001000282 0.982522488
1403636598263555584.000000 -0.044012100 0.260698110 -0.004468873 0.179493830 0.071254373 0.053093113 0.979737639
1403636598613555456.000000 0.008576195 0.322696149 0.026700132 0.178512231 0.060838252 0.059119899 0.980273902
1403636599313555456.000000 0.064758040 0.399845183 0.313461304 0.025855785 0.102029011 0.035915736 0.993796587
1403636599663555584.000000 0.070131414 0.431813210 0.364613682 0.018674515 0.080505371 0.032855552 0.996037483
1403636611313555456.000000 0.079670429 0.438083142 0.364844501 -0.009799621 0.083359785 0.018535811 0.996298909
1403636624413555456.000000 0.086489603 0.438955575 0.362065047 0.002001178 0.076083891 0.019651741 0.996905744
1403636624663555584.000000 0.113267854 0.442568481 0.346345901 0.013537499 0.067980766 0.023107121 0.997327149
1403636624913555456.000000 0.165404513 0.450771034 0.311206967 0.022567267 0.058039412 0.053079706 0.996646702
1403636625213555456.000000 0.205832034 0.381525278 0.235384867 0.045872543 0.056349058 0.063079052 0.995360017
1403636625563555584.000000 0.207920656 0.350334018 0.221386373 0.042999551 0.062946074 0.056093149 0.995511115
1403636626963555584.000000 0.198597997 -0.023572806 0.265649438 0.006627372 0.077205442 0.053138655 0.995576084
1403636627313555456.000000 0.247291967 -0.008691987 0.234119222 0.008696738 0.077639475 0.053578332 0.995502830
1403636627663555584.000000 0.294777304 -0.086671293 0.171503827 0.011219469 0.065217718 0.043096893 0.996876836
1403636628063555584.000000 0.370351791 -0.050639771 0.179245546 0.039612450 0.021534925 0.037440490 0.998281181
1403636628463555584.000000 0.425215900 -0.182845443 0.220259547 0.001000609 0.017396016 0.014344329 0.999745250
1403636628813555456.000000 0.518747032 -0.232736811 0.252387792 0.007933389 0.010162774 0.018020520 0.999754488
1403636629163555584.000000 0.653533816 -0.282640010 0.284789294 0.024628267 -0.018216837 0.018085795 0.999367058
1403636629513555456.000000 0.785100341 -0.341838449 0.361039877 0.007316959 -0.051167332 -0.007800293 0.998632848
1403636629813555456.000000 0.961434960 -0.306011736 0.471414745 0.029058563 -0.108407110 -0.023289930 0.993408799
1403636630113555456.000000 1.160472155 -0.264359593 0.652036726 0.026671581 -0.160392955 -0.038095586 0.985957146
1403636630363555584.000000 1.355982304 -0.343065619 0.828108668 0.003354520 -0.175811380 -0.038523655 0.983664095
1403636630563555584.000000 1.516320705 -0.444236785 0.927617848 0.011523022 -0.176949322 -0.033110783 0.983595371
1403636630763555584.000000 1.655113339 -0.557385087 1.060593963 0.015042044 -0.173987940 -0.026545120 0.984274983
1403636631163555584.000000 1.955515981 -0.660272479 1.321532965 0.009837911 -0.164028749 -0.032577313 0.985868394
1403636632163555584.000000 2.597499371 -0.780858874 2.046843529 0.006543559 -0.162437707 -0.015783617 0.986570835
1403636632913555456.000000 2.869414806 -0.813189268 2.611623526 0.020840188 -0.096188195 -0.013683794 0.995050907
1403636633163555584.000000 2.969067097 -0.889469504 2.820530653 0.014561969 -0.061345216 0.014408756 0.997906327
1403636633363555584.000000 3.044442654 -0.925758243 3.001616478 0.018887412 -0.047132757 0.013454181 0.998619437
1403636633663555584.000000 3.157635450 -0.935450673 3.312309980 0.029431414 -0.046642479 0.005241751 0.998464227
1403636634313555456.000000 3.470515966 -1.203493357 4.074132442 0.022023812 -0.054388802 -0.002025349 0.998274863
1403636634513555456.000000 3.604697466 -1.321985006 4.322212219 0.006937808 -0.053745117 0.008774660 0.998492002
1403636635013555456.000000 3.887689829 -1.520933509 4.916412830 0.013265075 -0.025908977 0.025478009 0.999251544
1403636635213555456.000000 3.981171846 -1.612180114 5.139614105 0.018708544 -0.018573355 0.028641541 0.999242067
1403636635413555456.000000 4.061355114 -1.677693367 5.385181904 0.024111845 -0.011776785 0.019908212 0.999441624
1403636635613555456.000000 4.143613815 -1.775565147 5.630161762 0.023530543 -0.009769640 0.013329667 0.999586523
1403636635813555456.000000 4.237759590 -1.936495781 5.871652126 0.014137893 -0.009328574 0.005645942 0.999840617
1403636636013555456.000000 4.355181217 -2.129228830 6.097980976 0.021525931 -0.009440677 -0.000965619 0.999723256
1403636636213555456.000000 4.498231888 -2.323563337 6.343760490 0.022071676 -0.016092550 0.016775886 0.999486089
1403636636613555456.000000 4.777461052 -2.737452030 6.803307056 -0.016514670 -0.022324542 0.036617078 0.998943508
1403636636863555584.000000 4.915910721 -2.860185146 7.058538914 -0.013072358 -0.029313670 0.058702521 0.997759402
1403636637163555584.000000 4.984459877 -2.896221399 7.329745770 0.002058884 -0.015400975 0.030079784 0.999426723
1403636637463555584.000000 5.023072243 -2.927044392 7.568481922 0.017075036 -0.011400740 0.029612472 0.999350548
1403636637713555456.000000 5.040011406 -3.043054819 7.750964165 0.019415950 -0.007901412 0.027469661 0.999402821
1403636637963555584.000000 5.044587612 -3.233893394 7.924976826 0.009814680 -0.006197605 0.028808236 0.999517560
1403636638313555456.000000 5.059081554 -3.326868773 8.209173203 0.003574754 -0.003378302 0.026987784 0.999623656
1403636638563555584.000000 5.078172684 -3.304602623 8.430576324 0.043483865 0.003263168 0.007519545 0.999020517
1403636638813555456.000000 5.133360863 -3.366070747 8.685103416 0.030779310 -0.000755689 0.023357987 0.999252975
1403636639063555584.000000 5.201523304 -3.533586025 8.953591347 0.019562237 0.005643942 0.007886764 0.999761581
1403636639363555584.000000 5.336311340 -3.619336128 9.327440262 0.021061663 0.006451282 0.004846627 0.999745607
1403636639663555584.000000 5.545364380 -3.613196611 9.750494957 0.012901275 -0.003775297 0.038884018 0.999153316
1403636640863555584.000000 6.115735531 -3.932166815 10.984542847 0.005891082 0.037424058 0.047199488 0.998166800
1403636641163555584.000000 6.217934132 -3.999500751 11.199368477 0.004678470 0.036124744 0.047530685 0.998205364
1403636641513555456.000000 6.324509144 -3.993251801 11.443071365 0.003294727 0.037956700 0.034449216 0.998679996
1403636641813555456.000000 6.419952393 -4.023385048 11.618223190 0.002665911 0.033555023 0.042458761 0.998531044
1403636642463555584.000000 6.605549335 -4.224043846 11.835988998 -0.005055673 -0.010600939 0.025369609 0.999609172
1403636642813555456.000000 6.706086636 -4.162875652 11.919246674 0.018451909 -0.023145884 0.018398520 0.999392450
1403636644363555584.000000 7.205745220 -4.559508324 12.685923576 0.016700791 -0.012548611 0.002527636 0.999778569
1403636644763555584.000000 7.455780506 -4.525182724 13.141815186 -0.004438225 -0.014259769 0.006265139 0.999868870
1403636645163555584.000000 7.782773495 -4.375806332 13.536514282 0.044039954 -0.024206674 0.019608475 0.998543978
1403636645513555456.000000 8.046553612 -4.442610741 13.947040558 0.040126890 -0.026442543 0.019218458 0.998659730
1403636645863555584.000000 8.305821419 -4.551469326 14.474696159 0.033357754 -0.026419634 0.018593408 0.998921216
1403636646213555456.000000 8.563927650 -4.845516205 15.024609566 0.010446537 -0.056105074 -0.009928448 0.998320818
1403636646563555584.000000 8.911993027 -5.095073700 15.551240921 -0.017882906 -0.141544193 -0.034440272 0.989171028
1403636646913555456.000000 9.264227867 -5.388392448 15.933429718 -0.011286047 -0.175495625 -0.037757363 0.983691156
1403636647313555456.000000 9.625461578 -5.661536694 16.270277023 0.002705021 -0.175876334 -0.039255772 0.983625531
1403636647663555584.000000 9.946951866 -5.792375565 16.542961121 -0.017558903 -0.167303503 -0.045894474 0.984680116
1403636648063555584.000000 10.330074310 -5.874324799 16.728034973 -0.010194161 -0.203420922 -0.050573301 0.977731228
1403636648413555456.000000 10.711212158 -5.806739330 16.838863373 -0.011189746 -0.288936257 -0.080436185 0.953897595
1403636649213555456.000000 11.485604286 -5.782312393 16.833845139 -0.000813122 -0.369731009 -0.101922482 0.923531353
1403636649563555584.000000 11.787054062 -6.012326241 16.746355057 -0.003716900 -0.359991878 -0.096608348 0.927932560
1403636650013555456.000000 12.128487587 -6.297274113 16.574787140 -0.017951325 -0.382705837 -0.100438073 0.918219030
1403636650463555584.000000 12.392355919 -6.287464619 16.401279449 -0.011094732 -0.456475616 -0.130147025 0.880095840
1403636650963555584.000000 12.589281082 -6.108510494 16.152957916 -0.008971158 -0.514374256 -0.150353417 0.844234884
1403636651713555456.000000 12.641475677 -6.110395432 15.687519073 -0.015318601 -0.502949834 -0.144383073 0.852033079
1403636652063555584.000000 12.607721329 -5.982005119 15.478363037 -0.030548789 -0.539010108 -0.168497071 0.824708164
1403636652363555584.000000 12.554569244 -5.750858307 15.214485168 -0.002911706 -0.618061900 -0.200485915 0.760129213
1403636652563555584.000000 12.528161049 -5.597258091 15.028672218 0.007183359 -0.650559962 -0.224151552 0.725586832
1403636652963555584.000000 12.538928032 -5.470309258 14.638122559 0.016524648 -0.668218553 -0.231395960 0.706871152
1403636653363555584.000000 12.686326981 -5.356577396 14.277316093 -0.003349467 -0.667885065 -0.202427566 0.716199279
1403636653813555456.000000 12.799139023 -5.336635113 13.904021263 -0.011295314 -0.659608543 -0.191153914 0.726807475
1403636654013555456.000000 12.815733910 -5.288216114 13.763051987 -0.012103323 -0.657568455 -0.194377854 0.727787435
1403636654213555456.000000 12.810564041 -5.209992409 13.643170357 -0.016437227 -0.662095308 -0.199613839 0.722159207
1403636654863555584.000000 12.649774551 -5.158072948 13.162792206 -0.000217907 -0.724722147 -0.236135662 0.647315741
1403636655063555584.000000 12.595985413 -5.100289345 13.041176796 -0.009260951 -0.735275745 -0.227142021 0.638506293
1403636655263555584.000000 12.528996468 -5.028449059 12.944717407 -0.019695375 -0.740256846 -0.221857145 0.634359002
1403636655463555584.000000 12.427680969 -4.953797340 12.850330353 -0.025907144 -0.749862671 -0.224834889 0.621678472
1403636655663555584.000000 12.287313461 -4.894233704 12.739738464 -0.017819788 -0.760846853 -0.246431023 0.600055218
1403636655863555584.000000 12.133001328 -4.782793999 12.658344269 -0.012521604 -0.773180962 -0.266783446 0.575205147
1403636656063555584.000000 11.983507156 -4.622082710 12.552945137 -0.015934722 -0.792440772 -0.276286572 0.543552577
1403636656263555584.000000 11.830331802 -4.534736633 12.420141220 -0.007920713 -0.803518593 -0.279338986 0.525609016
1403636656463555584.000000 11.700937271 -4.500861168 12.243904114 -0.004585946 -0.805819511 -0.282134503 0.520609260
1403636656963555584.000000 11.408920288 -4.432425976 11.766532898 -0.018608922 -0.811643243 -0.246906906 0.529080331
1403636657163555584.000000 11.263266563 -4.340144157 11.628736496 -0.027819805 -0.809144139 -0.247429788 0.532250226
1403636657363555584.000000 11.082666397 -4.258472919 11.483541489 -0.027204337 -0.804633200 -0.258662492 0.533778012
1403636657563555584.000000 10.880866051 -4.171587944 11.337609291 -0.021121312 -0.798984468 -0.276897341 0.533390701
1403636657763555584.000000 10.672913551 -4.057189941 11.180909157 -0.021365028 -0.799649358 -0.278651536 0.531467557
1403636658413555456.000000 10.003254890 -3.664923906 10.457796097 0.001758630 -0.808322608 -0.279660523 0.518074751
1403636658713555456.000000 9.759633064 -3.452168465 10.097689629 0.017087899 -0.813075721 -0.269064426 0.515965343
1403636658863555584.000000 9.666139603 -3.340563536 9.938278198 0.019501818 -0.817275763 -0.257429779 0.515179455
1403636659013555456.000000 9.591863632 -3.231282711 9.802576065 0.005717216 -0.818407834 -0.255254865 0.514801741
1403636659263555584.000000 9.469755173 -3.022040606 9.613257408 -0.006547050 -0.819428444 -0.250714242 0.515399396
1403636659413555456.000000 9.375226974 -2.912061214 9.528979301 -0.000010427 -0.816791892 -0.258276403 0.515891731
1403636659563555584.000000 9.287601471 -2.834524393 9.444362640 0.004324973 -0.815155208 -0.263560086 0.515790105
1403636659763555584.000000 9.187503815 -2.739833832 9.343933105 0.002736435 -0.818534553 -0.257745087 0.513382077
1403636659963555584.000000 9.088905334 -2.602965832 9.281230927 0.005478117 -0.818791509 -0.262084037 0.510746896
1403636660113555456.000000 9.019481659 -2.487641335 9.257465363 0.012828616 -0.816218793 -0.272762775 0.509139240
1403636660263555584.000000 8.969377518 -2.365130663 9.241850853 0.017524721 -0.814649701 -0.279134482 0.508057714
1403636660463555584.000000 8.929431915 -2.227005959 9.219459534 0.029619984 -0.808894694 -0.295573086 0.507393837
1403636660813555456.000000 9.005578995 -2.024945736 9.173101425 0.020171406 -0.822558224 -0.254049540 0.508379698
1403636661013555456.000000 9.080595016 -1.877667189 9.201467514 0.017194334 -0.824981689 -0.245026574 0.508990765
1403636661163555584.000000 9.142712593 -1.765446424 9.258684158 0.006938741 -0.823866248 -0.248681933 0.509267688
1403636661313555456.000000 9.200091362 -1.665940046 9.332323074 0.000588191 -0.823309243 -0.249982759 0.509578347
1403636661513555456.000000 9.257691383 -1.585495591 9.440563202 -0.000483924 -0.822506726 -0.251699686 0.510029137
1403636662013555456.000000 9.323513985 -1.635444283 9.702686310 -0.021464026 -0.818041742 -0.258323461 0.513435483
1403636662313555456.000000 9.273960114 -1.741688371 9.836992264 -0.002379047 -0.820688725 -0.252713740 0.512445211
1403636662513555456.000000 9.228802681 -1.766434550 9.958545685 0.011078794 -0.818587959 -0.262789160 0.510620117
1403636662763555584.000000 9.190073967 -1.777442217 10.133019447 -0.014186171 -0.812720478 -0.282700896 0.509278297
1403636663263555584.000000 9.130032539 -1.673381329 10.365304947 -0.005044356 -0.808367193 -0.300505370 0.506175399
1403636663513555456.000000 9.143033981 -1.568126202 10.389882088 0.033504084 -0.810882211 -0.293940365 0.504922330
1403636663763555584.000000 9.244778633 -1.428984523 10.416803360 0.047341544 -0.811367750 -0.289347768 0.505686700
1403636663963555584.000000 9.420864105 -1.365499377 10.439089775 0.054924116 -0.818576455 -0.261751175 0.508332849
1403636664163555584.000000 9.652774811 -1.372779250 10.497467995 0.039970092 -0.821275651 -0.246418685 0.513017058
1403636664413555456.000000 9.992815018 -1.396823645 10.647838593 0.013061467 -0.818093002 -0.242995441 0.521062791
1403636664663555584.000000 10.311822891 -1.350026250 10.882981300 -0.004400259 -0.811255932 -0.245234832 0.530758262
1403636664963555584.000000 10.645322800 -1.373603582 11.187028885 0.001803154 -0.803919792 -0.249631956 0.539808869
1403636665263555584.000000 10.966003418 -1.509912968 11.469291687 -0.002430623 -0.794312775 -0.267446429 0.545466483
1403636665563555584.000000 11.281250000 -1.681169987 11.720210075 0.007688700 -0.799169838 -0.256051660 0.543788612
1403636665913555456.000000 11.646883965 -1.909406662 12.024301529 -0.005594298 -0.803411722 -0.252409548 0.539247334
1403636666313555456.000000 12.013819695 -2.106099606 12.418772697 -0.017333267 -0.804396987 -0.253430426 0.537045598
1403636666713555456.000000 12.268419266 -2.252065182 12.788286209 -0.003246057 -0.797509313 -0.263919443 0.542507946
1403636667663555584.000000 12.852059364 -2.448617458 13.438626289 0.002308150 -0.789863884 -0.271756083 0.549780309
1403636668063555584.000000 13.117765427 -2.548374414 13.655112267 -0.002671340 -0.790623963 -0.274493754 0.547320604
1403636668463555584.000000 13.421063423 -2.494456291 13.867056847 0.009947816 -0.799355507 -0.267283410 0.538044035
1403636668863555584.000000 13.790322304 -2.397163153 14.120957375 0.022709642 -0.809779763 -0.248568788 0.530993998
1403636669263555584.000000 14.189949989 -2.484897852 14.442383766 -0.002261061 -0.811663687 -0.245976865 0.529804051
1403636669613555456.000000 14.481376648 -2.530648232 14.821516037 -0.011274577 -0.815088928 -0.234053612 0.529831827
1403636669963555584.000000 14.662336349 -2.651992321 15.280721664 -0.055484176 -0.802433252 -0.259015113 0.534727573
1403636671213555456.000000 13.342817307 -2.925465584 14.957290649 -0.101619281 -0.648341715 -0.246328726 0.713196099
1403636671663555584.000000 12.296274185 -2.773537636 13.713226318 0.026332721 -0.598785937 -0.209064901 0.772692621
1403636672163555584.000000 11.518757820 -2.604406357 12.443423271 0.085882269 -0.592254758 -0.206571802 0.774071455
1403636672713555456.000000 11.384061813 -2.598282099 11.646335602 0.017085850 -0.611435592 -0.165149152 0.773679733
1403636673263555584.000000 11.335310936 -2.350038290 11.428463936 0.050382465 -0.554646313 -0.173956648 0.812138021
1403636675963555584.000000 13.229007721 -2.560933113 13.686262131 -0.012968772 -0.426422298 -0.130950183 0.894901037
1403636676613555456.000000 13.720264435 -2.560789108 14.617879868 0.025059601 -0.301402539 -0.056940060 0.951465368
1403636677063555584.000000 13.949630737 -2.795258999 15.288511276 0.010224993 -0.258026898 -0.066200547 0.963812768
1403636678263555584.000000 14.222062111 -3.159840822 16.697950363 0.007422758 -0.084524222 -0.005158086 0.996380448
1403636678813555456.000000 14.352091789 -3.389018297 17.027055740 0.009182410 0.017289497 0.060914099 0.997951031
1403636679263555584.000000 14.286314011 -3.432901382 17.282932281 -0.001709629 0.119106933 0.084678650 0.989262402
1403636679713555456.000000 14.136687279 -3.518696308 17.393802643 0.004737948 0.217145219 0.098460622 0.971149325
1403636680213555456.000000 14.041137695 -3.819713116 17.320941925 -0.021217918 0.215722188 0.139704481 0.966176152
1403636680763555584.000000 13.723730087 -3.877502203 16.935749054 -0.005668590 0.202086017 0.137097627 0.969707906
1403636681163555584.000000 13.329095840 -3.706990242 16.567171097 0.040889077 0.208685130 0.105398677 0.971426666
1403636681563555584.000000 12.908452988 -3.579490423 16.289440155 0.001392432 0.212669745 0.107421756 0.971200407
1403636682063555584.000000 12.373126030 -3.448772669 15.878513336 -0.001414044 0.220034912 0.110473625 0.969215274
1403636682513555456.000000 11.900942802 -3.362913370 15.446203232 0.015030026 0.220578253 0.108402565 0.969210088
1403636683163555584.000000 11.228451729 -3.172066450 14.823629379 -0.007268376 0.211339653 0.111987576 0.970948756
1403636683563555584.000000 10.823903084 -2.963662624 14.379667282 -0.000521226 0.220194563 0.105711237 0.969710886
1403636684013555456.000000 10.382881165 -2.690101385 13.885818481 0.013052217 0.226369187 0.105508499 0.968222380
1403636684413555456.000000 9.998961449 -2.645607948 13.406292915 0.000348969 0.233741120 0.105450638 0.966563582
1403636685013555456.000000 9.584629059 -2.356458664 12.752864838 -0.004433392 0.234295413 0.110401012 0.965866268
1403636685413555456.000000 9.381901741 -2.198242903 12.265061378 0.004541866 0.222353533 0.120124623 0.967526913
1403636685813555456.000000 9.140298843 -2.001279831 11.774444580 0.002172020 0.219311953 0.116607621 0.968658984
1403636686663555584.000000 8.554542542 -1.567486167 10.770362854 0.019344941 0.222772732 0.106041200 0.968892813
1403636687913555456.000000 7.886064529 -1.065412402 9.732587814 0.002787478 0.232317924 0.100235619 0.967457175
1403636688363555584.000000 7.746519089 -0.711033940 9.430215836 0.003233066 0.231134608 0.106254295 0.967096865
1403636688763555584.000000 7.617317200 -0.394328892 9.150086403 0.002604457 0.226498917 0.125397906 0.965902090
1403636689163555584.000000 7.390511513 -0.145009369 8.826452255 0.018206380 0.252477199 0.119667485 0.960001826
1403636689663555584.000000 7.064188957 -0.146571547 8.416342735 0.031634964 0.269658953 0.118029863 0.955171287
1403636690313555456.000000 6.674014091 -0.267100781 8.263935089 0.037946660 0.263640374 0.112996139 0.957228124
1403636690763555584.000000 6.433474064 -0.446280509 8.427572250 0.034075636 0.274868816 0.074625656 0.957975447
1403636691063555584.000000 6.391788960 -0.454857916 8.688325882 -0.002599440 0.287528276 0.040612802 0.956907153
1403636691313555456.000000 6.545797348 -0.532925546 8.902148247 -0.035200704 0.279796690 0.073969997 0.956557989
1403636691813555456.000000 7.140986443 -0.855874300 9.092080116 0.001285309 0.272873491 0.124107048 0.954010427
1403636692313555456.000000 7.776934147 -1.140119791 9.186612129 -0.001729639 0.271897018 0.121736169 0.954593778
1403636692763555584.000000 8.324423790 -1.564046979 9.123873711 0.005397661 0.261535734 0.134873554 0.955708683
1403636693413555456.000000 8.806300163 -1.969947577 8.988695145 0.031586260 0.264400810 0.131233618 0.954919994
1403636693913555456.000000 8.917151451 -2.113315582 9.092176437 0.029854864 0.269735724 0.125281915 0.954282880
1403636694513555456.000000 8.931430817 -2.277969837 9.360021591 0.011928193 0.273089588 0.122682720 0.954059064
1403636695413555456.000000 9.018806458 -2.365219831 9.768817902 0.009380131 0.263354868 0.117482170 0.957472801
1403636696013555456.000000 9.097289085 -2.454632044 9.993754387 0.011080261 0.256474346 0.119146809 0.959115326
1403636696663555584.000000 9.098058701 -2.368806124 10.185853004 -0.003687378 0.254015923 0.111753419 0.960715115
1403636697863555584.000000 8.841210365 -2.414801836 9.790975571 0.010003447 0.195551857 0.111192219 0.974318087
1403636699313555456.000000 7.822640419 -1.896121979 9.248383522 0.014545443 -0.098094389 -0.028203597 0.994671047
1403636700413555456.000000 7.665359497 -1.593177080 9.031790733 0.006093780 -0.256268680 -0.092349425 0.962164640
1403636701513555456.000000 8.091784477 -1.128044844 8.760224342 0.014415213 -0.304449886 -0.087304138 0.948409438
1403636702763555584.000000 8.799505234 -0.698986530 8.683088303 0.023502612 -0.413546652 -0.120467871 0.902171969
1403636703813555456.000000 9.561840057 -0.435790420 8.924041748 0.005684627 -0.406729519 -0.118654087 0.905792475
1403636704713555456.000000 10.255252838 -0.353849411 9.047079086 0.033092383 -0.397168517 -0.118548587 0.909454942
1403636705613555456.000000 11.249761581 -0.388729811 9.725623131 0.029050004 -0.394358248 -0.109436460 0.911954701
1403636706413555456.000000 12.211915970 -0.538123608 10.623953819 0.006614652 -0.390231967 -0.102759331 0.914940298
1403636707113555456.000000 12.987874031 -0.769402266 11.371079445 0.019035880 -0.398141950 -0.102900453 0.911335349
1403636708113555456.000000 14.026144028 -1.504678965 12.723936081 0.011820099 -0.396524727 -0.116467029 0.910529435
1403636708813555456.000000 14.875215530 -1.605402231 13.728898048 -0.005898147 -0.399511874 -0.100811996 0.911148965
1403636709513555456.000000 15.458833694 -1.793981314 14.451768875 0.008065158 -0.416534692 -0.096790045 0.903916776
1403636710113555456.000000 15.625301361 -1.970262766 15.181301117 0.009429585 -0.408998996 -0.094606370 0.907568455
1403636710713555456.000000 15.607580185 -2.033207893 16.027667999 -0.009519524 -0.351624876 -0.113795757 0.929150045
1403636711263555584.000000 15.567911148 -2.052629471 16.633291245 0.001711078 -0.294192761 -0.049625330 0.954455376
1403636712113555456.000000 15.036369324 -2.370163202 17.178785324 -0.016931893 -0.289871097 -0.085317507 0.953104913
1403636712813555456.000000 14.322580338 -2.761166096 17.101875305 -0.027329428 -0.235737160 -0.039705694 0.970620692
1403636713513555456.000000 13.407341003 -2.950333595 16.700714111 -0.009754479 -0.225840762 -0.051413871 0.972757638
1403636714213555456.000000 12.607988358 -3.061352730 16.052171707 -0.002690960 -0.237351507 -0.060769942 0.969517410
1403636715013555456.000000 11.990347862 -2.853147507 15.349999428 0.026028933 -0.147861674 -0.023814429 0.988378644
1403636717063555584.000000 11.392927170 -2.625758171 14.057772636 0.002726325 -0.051969916 0.009197503 0.998602569
1403636718163555584.000000 10.899459839 -2.301008463 13.080976486 0.005194404 0.047210474 0.064263590 0.996802092
1403636719163555584.000000 10.039951324 -1.727205038 12.350661278 0.001119217 0.146875203 0.083006978 0.985665381
1403636720013555456.000000 9.535664558 -1.365877151 11.673177719 0.009143770 0.133473486 0.066722073 0.988761544
1403636720763555584.000000 9.288231850 -1.053159714 11.158818245 0.012405248 0.135948837 0.063304335 0.988613486
1403636722363555584.000000 9.317854881 -0.693930745 10.281592369 0.003213511 0.020802531 0.035627443 0.999143422
1403636723513555456.000000 9.216377258 -0.457015663 9.554324150 -0.003116522 -0.013491384 0.032789558 0.999366343
1403636724713555456.000000 8.957599640 -0.193886831 8.776144981 0.004108378 -0.140194207 -0.016633317 0.989975750
1403636728213555456.000000 8.387678146 -1.091143966 6.927610397 -0.002969848 -0.118908770 -0.002323369 0.992898047
1403636729313555456.000000 7.811470032 -0.988200426 6.207955360 -0.003987021 -0.053381901 0.017715819 0.998409033
1403636730413555456.000000 7.132527351 -0.715272248 5.289010048 0.012627858 -0.047503456 0.012519980 0.998712778
1403636731563555584.000000 6.623363972 -0.698435068 4.829707146 0.004174669 -0.046101734 -0.000976120 0.998927534
1403636732913555456.000000 6.581658363 -0.283471674 4.458709717 -0.018640876 -0.047840316 0.025337076 0.998359561
1403636734113555456.000000 5.934625626 -0.192328796 3.379869461 0.001754090 -0.042704042 0.022909230 0.998823524
1403636735263555584.000000 5.201080322 -0.013048023 2.489793301 0.017268710 -0.031240495 0.012321717 0.999286771
1403636736313555456.000000 4.697049141 -0.268652588 2.028938532 0.004499307 -0.014868375 0.021122858 0.999656200
1403636737313555456.000000 4.166627884 -0.180772826 1.730327606 0.004161460 0.020275176 0.034956500 0.999174476
1403636739213555456.000000 3.712423563 -0.360015631 1.486566544 0.003581339 -0.132763788 -0.044163603 0.990156829
1403636740013555456.000000 4.077435970 -0.146662161 1.566067696 0.003092606 -0.261793882 -0.073653981 0.962304235
1403636740713555456.000000 4.312623501 0.208337292 1.671370864 0.000115856 -0.248840570 -0.066782981 0.966239333
1403636741513555456.000000 4.494313717 0.776277065 1.723563790 0.010559994 -0.269817322 -0.077716641 0.959712029
1403636742363555584.000000 4.635756493 1.179222465 1.826608300 0.018484501 -0.259790391 -0.068780243 0.963035047
1403636743363555584.000000 4.867218018 1.461843848 2.102311373 0.043999169 -0.266102225 -0.087435275 0.958962321
1403636744113555456.000000 5.316606998 1.700026870 2.645733833 -0.001442187 -0.298216313 -0.076300316 0.951442719
1403636745013555456.000000 5.810751915 2.610381126 3.347179651 -0.003422086 -0.308758259 -0.087540030 0.947097361
1403636745963555584.000000 6.213080883 2.889137983 3.619281769 -0.006065249 -0.321462601 -0.071278058 0.944216311
1403636746863555584.000000 6.013805389 2.636393070 3.683340549 0.023125000 -0.311473101 -0.113314740 0.943191111
1403636748213555456.000000 5.793000221 1.911903858 4.047228813 -0.006178463 -0.326353014 -0.120759092 0.937482178
1403636749663555584.000000 5.961070538 1.207969308 4.236534119 -0.002044751 -0.354782075 -0.083791934 0.931184411
1403636750763555584.000000 5.791405201 0.790822744 3.968771935 -0.003728327 -0.323565274 -0.080930442 0.942731082
1403636752013555456.000000 5.343839169 -0.169983149 3.478790522 0.023416946 -0.300470859 -0.093277670 0.948930025
1403636753263555584.000000 5.333495617 -0.739543915 3.300722122 0.009875669 -0.095884122 0.018212225 0.995176852
1403636754563555584.000000 4.751443863 -0.794426918 3.137290001 -0.009456790 -0.035280727 0.032976501 0.998788476
1403636756063555584.000000 3.313655853 -0.565234065 2.248681545 0.003440337 0.035049964 0.047246929 0.998262167
1403636757013555456.000000 2.232135296 -0.435391009 1.601326823 -0.004451627 0.042651135 0.048953373 0.997880101
1403636757963555584.000000 1.161424756 -0.240396947 0.708310902 0.035935849 0.073986270 0.062403098 0.994655967
1403636758763555584.000000 0.432222009 -0.214200154 0.333487153 0.036956437 0.100365624 0.036612436 0.993589699
1403636759463555584.000000 0.098440483 -0.036746442 0.311569929 0.005356336 0.109348640 0.031559393 0.993487895
1403636761413555456.000000 -0.002327528 0.414297312 0.139417887 0.043765817 0.105084650 0.070204638 0.991016209
1403636762063555584.000000 -0.127667457 0.376296878 0.167729661 0.012974537 0.105258323 0.063125201 0.992354572
1403636762663555584.000000 -0.251769632 0.401571423 0.193956733 0.029513042 0.118517704 0.019832417 0.992315054
1403636763163555584.000000 -0.216321141 0.478172749 0.222478241 -0.009770113 0.072426528 0.016056672 0.997196615
